1 0.35595703125 0.7578125 0.1201171875 0.0963541666667
1 0.3740234375 0.560546875 0.181640625 0.12109375
1 0.63427734375 0.496744791667 0.2119140625 0.157552083333
1 0.6533203125 0.236328125 0.123046875 0.157552083333
1 0.19287109375 0.175130208333 0.1259765625 0.110677083333
1 0.08642578125 0.375 0.1259765625 0.0520833333333
1 0.234375 0.52734375 0.072265625 0.0520833333333
1 0.44921875 0.87890625 0.119140625 0.0703125
1 0.70849609375 0.841796875 0.0830078125 0.100260416667
1 0.81982421875 0.621744791667 0.0810546875 0.0638020833333
1 0.57958984375 0.737630208333 0.0615234375 0.05078125
1 0.8056640625 0.0696614583333 0.0546875 0.126302083333
1 0.57470703125 0.02734375 0.1279296875 0.046875
1 0.50537109375 0.262369791667 0.0927734375 0.0638020833333
1 0.939453125 0.0970052083333 0.1171875 0.08203125
1 0.935546875 0.354166666667 0.123046875 0.109375
1 0.35595703125 0.7578125 0.1201171875 0.0963541666667
1 0.3740234375 0.560546875 0.181640625 0.12109375
1 0.63427734375 0.496744791667 0.2119140625 0.157552083333
1 0.6533203125 0.236328125 0.123046875 0.157552083333
1 0.19287109375 0.175130208333 0.1259765625 0.110677083333
1 0.08642578125 0.375 0.1259765625 0.0520833333333
1 0.234375 0.52734375 0.072265625 0.0520833333333
1 0.44921875 0.87890625 0.119140625 0.0703125
1 0.70849609375 0.841796875 0.0830078125 0.100260416667
1 0.81982421875 0.621744791667 0.0810546875 0.0638020833333
1 0.57958984375 0.737630208333 0.0615234375 0.05078125
1 0.8056640625 0.0696614583333 0.0546875 0.126302083333
1 0.57470703125 0.02734375 0.1279296875 0.046875
1 0.50537109375 0.262369791667 0.0927734375 0.0638020833333
1 0.939453125 0.0970052083333 0.1171875 0.08203125
1 0.935546875 0.354166666667 0.123046875 0.109375
1 0.35595703125 0.7578125 0.1201171875 0.0963541666667
1 0.3740234375 0.560546875 0.181640625 0.12109375
1 0.63427734375 0.496744791667 0.2119140625 0.157552083333
1 0.6533203125 0.236328125 0.123046875 0.157552083333
1 0.19287109375 0.175130208333 0.1259765625 0.110677083333
1 0.08642578125 0.375 0.1259765625 0.0520833333333
1 0.234375 0.52734375 0.072265625 0.0520833333333
1 0.44921875 0.87890625 0.119140625 0.0703125
1 0.70849609375 0.841796875 0.0830078125 0.100260416667
1 0.81982421875 0.621744791667 0.0810546875 0.0638020833333
1 0.57958984375 0.737630208333 0.0615234375 0.05078125
1 0.8056640625 0.0696614583333 0.0546875 0.126302083333
1 0.57470703125 0.02734375 0.1279296875 0.046875
1 0.50537109375 0.262369791667 0.0927734375 0.0638020833333
1 0.939453125 0.0970052083333 0.1171875 0.08203125
1 0.935546875 0.354166666667 0.123046875 0.109375
