1 0.4443359375 0.645182291667 0.30859375 0.204427083333
1 0.2783203125 0.322265625 0.123046875 0.07421875
1 0.8076171875 0.129557291667 0.0625 0.0403645833333
1 0.36962890625 0.951822916667 0.1162109375 0.0885416666667
1 0.1748046875 0.559895833333 0.041015625 0.0260416666667
1 0.32275390625 0.520833333333 0.0439453125 0.03125
1 0.3740234375 0.44140625 0.046875 0.0286458333333
1 0.56298828125 0.373046875 0.0380859375 0.0403645833333
1 0.6083984375 0.385416666667 0.03515625 0.0234375
1 0.78515625 0.376953125 0.03515625 0.0403645833333
1 0.82568359375 0.503255208333 0.0419921875 0.0247395833333
1 0.46337890625 0.549479166667 0.0400390625 0.0390625
1 0.38134765625 0.877604166667 0.0927734375 0.0572916666667
1 0.162109375 0.837239583333 0.048828125 0.0286458333333
1 0.16455078125 0.803385416667 0.0419921875 0.0260416666667
1 0.169921875 0.753255208333 0.041015625 0.0221354166667
1 0.07763671875 0.874348958333 0.0615234375 0.05078125
1 0.4443359375 0.645182291667 0.30859375 0.204427083333
1 0.2783203125 0.322265625 0.123046875 0.07421875
1 0.8076171875 0.129557291667 0.0625 0.0403645833333
1 0.36962890625 0.951822916667 0.1162109375 0.0885416666667
1 0.1748046875 0.559895833333 0.041015625 0.0260416666667
1 0.32275390625 0.520833333333 0.0439453125 0.03125
1 0.3740234375 0.44140625 0.046875 0.0286458333333
1 0.56298828125 0.373046875 0.0380859375 0.0403645833333
1 0.6083984375 0.385416666667 0.03515625 0.0234375
1 0.78515625 0.376953125 0.03515625 0.0403645833333
1 0.82568359375 0.503255208333 0.0419921875 0.0247395833333
1 0.46337890625 0.549479166667 0.0400390625 0.0390625
1 0.38134765625 0.877604166667 0.0927734375 0.0572916666667
1 0.162109375 0.837239583333 0.048828125 0.0286458333333
1 0.16455078125 0.803385416667 0.0419921875 0.0260416666667
1 0.169921875 0.753255208333 0.041015625 0.0221354166667
1 0.07763671875 0.874348958333 0.0615234375 0.05078125
1 0.4443359375 0.645182291667 0.30859375 0.204427083333
1 0.2783203125 0.322265625 0.123046875 0.07421875
1 0.8076171875 0.129557291667 0.0625 0.0403645833333
1 0.36962890625 0.951822916667 0.1162109375 0.0885416666667
1 0.1748046875 0.559895833333 0.041015625 0.0260416666667
1 0.32275390625 0.520833333333 0.0439453125 0.03125
1 0.3740234375 0.44140625 0.046875 0.0286458333333
1 0.56298828125 0.373046875 0.0380859375 0.0403645833333
1 0.6083984375 0.385416666667 0.03515625 0.0234375
1 0.78515625 0.376953125 0.03515625 0.0403645833333
1 0.82568359375 0.503255208333 0.0419921875 0.0247395833333
1 0.46337890625 0.549479166667 0.0400390625 0.0390625
1 0.38134765625 0.877604166667 0.0927734375 0.0572916666667
1 0.162109375 0.837239583333 0.048828125 0.0286458333333
1 0.16455078125 0.803385416667 0.0419921875 0.0260416666667
1 0.169921875 0.753255208333 0.041015625 0.0221354166667
1 0.07763671875 0.874348958333 0.0615234375 0.05078125
