1 0.5732421875 0.611328125 0.482421875 0.352864583333
1 0.4423828125 0.1875 0.0625 0.0494791666667
1 0.4580078125 0.110677083333 0.064453125 0.0442708333333
1 0.60400390625 0.274739583333 0.0576171875 0.0520833333333
1 0.29345703125 0.285807291667 0.0673828125 0.05078125
1 0.46728515625 0.390625 0.0673828125 0.03125
1 0.5732421875 0.611328125 0.482421875 0.352864583333
1 0.4423828125 0.1875 0.0625 0.0494791666667
1 0.4580078125 0.110677083333 0.064453125 0.0442708333333
1 0.60400390625 0.274739583333 0.0576171875 0.0520833333333
1 0.29345703125 0.285807291667 0.0673828125 0.05078125
1 0.46728515625 0.390625 0.0673828125 0.03125
1 0.5732421875 0.611328125 0.482421875 0.352864583333
1 0.4423828125 0.1875 0.0625 0.0494791666667
1 0.4580078125 0.110677083333 0.064453125 0.0442708333333
1 0.60400390625 0.274739583333 0.0576171875 0.0520833333333
1 0.29345703125 0.285807291667 0.0673828125 0.05078125
1 0.46728515625 0.390625 0.0673828125 0.03125
