1 0.08349609375 0.336263020833 0.0869140625 0.072265625
1 0.361328125 0.0856119791667 0.0625 0.025390625
1 0.3701171875 0.0725911458333 0.0595703125 0.0227864583333
1 0.2841796875 0.0953776041667 0.0419921875 0.0423177083333
1 0.052001953125 0.0478515625 0.04931640625 0.025390625
1 0.3603515625 0.75 0.1044921875 0.145833333333
1 0.468017578125 0.6201171875 0.03857421875 0.060546875
1 0.912109375 0.750325520833 0.17578125 0.068359375
1 0.973876953125 0.680338541667 0.04931640625 0.0598958333333
1 0.687744140625 0.247721354167 0.04248046875 0.0657552083333
1 0.613037109375 0.1328125 0.06494140625 0.07421875
1 0.64990234375 0.0813802083333 0.0556640625 0.01953125
1 0.94970703125 0.148763020833 0.05859375 0.0319010416667
