1 0.906982421875 0.6474609375 0.13525390625 0.102213541667
1 0.39208984375 0.672200520833 0.146484375 0.119140625
1 0.384521484375 0.78125 0.10205078125 0.0494791666667
1 0.646728515625 0.818033854167 0.11181640625 0.0592447916667
1 0.7451171875 0.520833333333 0.072265625 0.0442708333333
1 0.90673828125 0.488606770833 0.0625 0.0384114583333
1 0.885986328125 0.451171875 0.05712890625 0.0234375
1 0.8486328125 0.402994791667 0.05859375 0.0455729166667
1 0.9013671875 0.290690104167 0.0458984375 0.052734375
1 0.433349609375 0.407877604167 0.07177734375 0.141276041667
1 0.212890625 0.0999348958333 0.0546875 0.0891927083333
1 0.028564453125 0.624348958333 0.02978515625 0.05859375
1 0.66357421875 0.201497395833 0.0478515625 0.0319010416667
1 0.583740234375 0.449544270833 0.05224609375 0.0384114583333
1 0.427978515625 0.5302734375 0.06201171875 0.0813802083333
1 0.20068359375 0.322916666667 0.0361328125 0.0377604166667
1 0.73046875 0.440755208333 0.0341796875 0.0520833333333
1 0.520263671875 0.361002604167 0.04931640625 0.0240885416667
1 0.53466796875 0.0924479166667 0.021484375 0.02734375
1 0.604248046875 0.140625 0.03466796875 0.0234375
1 0.9296875 0.126627604167 0.044921875 0.021484375
1 0.60791015625 0.6015625 0.017578125 0.0455729166667
1 0.642333984375 0.445638020833 0.02294921875 0.0319010416667
1 0.682373046875 0.409505208333 0.04248046875 0.0234375
1 0.69482421875 0.378580729167 0.0439453125 0.0279947916667
1 0.281005859375 0.695963541667 0.12158203125 0.0755208333333
1 0.16796875 0.732096354167 0.041015625 0.044921875
1 0.070556640625 0.571940104167 0.03857421875 0.0227864583333
1 0.0517578125 0.742513020833 0.0380859375 0.0188802083333
1 0.9677734375 0.715494791667 0.0595703125 0.03125
1 0.129638671875 0.218098958333 0.03466796875 0.0364583333333
1 0.8212890625 0.359700520833 0.0400390625 0.0475260416667
1 0.67578125 0.509114583333 0.0341796875 0.0247395833333
1 0.44873046875 0.151041666667 0.0283203125 0.0182291666667
