34
1719 916 1996 1073
653 941 953 1124
683 1162 892 1238
1210 1211 1439 1302
1452 766 1600 834
1793 721 1921 780
1756 675 1873 711
1678 584 1798 654
1799 406 1893 487
814 518 961 735
380 85 492 222
28 914 89 1004
1310 285 1408 334
1142 661 1249 720
813 752 940 877
374 467 448 525
1461 637 1531 717
1015 536 1116 573
1073 121 1117 163
1202 198 1273 234
1858 178 1950 211
1227 889 1263 959
1292 660 1339 709
1354 611 1441 647
1378 560 1468 603
451 1011 700 1127
302 1090 386 1159
105 861 184 896
67 1126 145 1155
1921 1075 2043 1123
230 307 301 363
1641 516 1723 589
1349 763 1419 801
890 218 948 246
